SN2025ahqr 0.002328 167.858238192 55.6749353975
filter Is 
61035.12023 15.99058238 0.19697676851874987
61038.15481 16.30710087 0.2708303848736098
61052.05648 16.13999784 0.23070355208924245
61071.21078 17.17987448 1.272092568309523
filter Rs 
61035.11266 16.38044091 0.12025803331951285
61038.14724 16.59365327 0.17037001829165674
61052.04891 15.97103827 0.09777473124277238
61071.20321 16.49922042 0.3272487648694345
filter Vs 
61035.09752 16.82745465 0.14228059668644435
61050.03892 16.42449108 0.1256358850036945
61052.03377 16.42353204 0.11858835331266229
61072.2797 17.52977932 0.9325375403701692
filter Bs 
61035.1051 16.34863953 0.19446360156431755
61050.0465 16.96032367 0.22712436593799604
