SN2025aebt 0.017649 107.3281207 20.6387489
filter Is 
60998.07157 15.16343782 0.07348359056769953
61005.10978 15.12943714 0.08709995015917643
61007.05103 14.74402725 0.07604023294921504
61008.03486 15.06825078 0.07741114528228553
61009.03196 14.78441693 0.08501552423953698
61013.02105 14.68784621 0.15183838982779796
61018.0121 15.23348282 0.2478670401872432
61020.00543 14.97563251 0.08798992403806395
filter Rs 
61005.1022 15.69594486 0.05468745227682815
61007.04345 15.44595677 0.05330145514366415
61008.02729 15.50160686 0.05810747318298501
61009.02438 15.6167923 0.06247228118449987
61013.01348 15.88229548 0.22060410860450289
61018.00452 15.29349568 0.1373606879139834
61019.99785 15.53333104 0.05162953221297257
filter Vs 
60998.04884 16.03054422 0.07496125374881128
61005.08705 16.10432172 0.0734602784687346
61007.02829 15.93819576 0.0810522594839691
61008.01213 16.01967583 0.09235847328373475
61009.00922 16.18417856 0.11006962158933616
61012.99832 16.28035508 0.3454500507578356
61017.98937 15.96432208 0.15468771595512537
61019.98268 16.14267054 0.07751180865370876
filter Bs 
60998.05642 16.50015726 0.09265714957599884
61005.09463 16.74213355 0.10570108421257535
61007.03589 16.39470016 0.11528964178319828
61008.01971 16.53713291 0.14025845867116837
61009.01681 16.74190231 0.19024989534657166
61013.0059 16.99759827 0.6818321807707206
61017.99695 16.63519651 0.2763267392740263
61019.99027 16.85342931 0.11936033854964154
