SN2026dix 0.003185 177.6559502 55.3535889
filter Is 
61094.05758 15.11483839 0.06504747056056903
61095.16288 15.17740227 0.10498229775942614
61099.97424 14.60802078 0.15228600982822574
61100.96628 15.12947323 0.2346298956646267
61106.01186 14.50497615 0.07020330163132757
61109.98279 14.30968116 0.05592488748961895
61114.99815 14.56353224 0.0615843570108021
filter Rs 
61089.0392 16.38998879 0.06381028328461456
61094.05002 15.3365127 0.048824392935529724
61095.15533 15.44639658 0.06373781151734843
61095.88145 15.11263898 0.1040763613515796
61099.8159 14.93555813 0.06749049139483121
61099.96667 14.95536259 0.10499582856121975
61102.87235 14.72348135 0.05964263230274751
61103.86858 14.94910088 0.07301492517676968
61106.0043 14.88749672 0.05865224593618656
61109.97522 14.53431698 0.03373682214389187
61114.99058 14.94832143 0.029614588448903488
filter Vs 
61089.02557 16.77122447 0.11456066011802447
61094.03489 15.81860437 0.07895374226906558
61095.14023 15.90257442 0.07784403958563026
61095.86192 15.66327722 0.14962403184590772
61099.82209 15.34135474 0.08257641127656146
61101.85363 15.29131862 0.2313885341406717
61102.86159 15.18246141 0.08278723119367891
61103.86189 15.44131559 0.10568251970695648
61105.98916 15.38386897 0.0893298892405762
61109.96008 15.29659365 0.05186636947041295
61112.03551 15.03150271 0.04292181692094651
61114.97545 15.4919732 0.03693025114623946
filter Bs 
61095.87204 16.1440033 0.2383982694040364
61102.88737 16.10929827 0.22548437940927427
61103.85133 16.20152052 0.26138346074762153
